-70.2947116, 43.6776338
-70.2964282, 43.6778356
-70.3002691, 43.6793099
-70.3044963, 43.6760354
-70.3119421, 43.6808772
-70.3123069, 43.6819790
-70.3133798, 43.6833601
-70.3138947, 43.6839342
-70.3140020, 43.6855635
-70.3117919, 43.6858428
-70.3067064, 43.6863704
-70.3066635, 43.6851601
-70.3061271, 43.6839497
-70.3043461, 43.6851601
-70.3028440, 43.6853308
-70.3010631, 43.6850980
-70.2975655, 43.6840118
-70.2966213, 43.6827394
-70.2962565, 43.6818859
-70.2942181, 43.6815445
-70.2946901, 43.6776183
-70.2947116, 43.6776338
{
  "coordinates": [
    [
      [
        -70.2947116,
        43.6776338
      ],
      [
        -70.2964282,
        43.6778356
      ],
      [
        -70.3002691,
        43.6793099
      ],
      [
        -70.3044963,
        43.6760354
      ],
      [
        -70.3119421,
        43.6808772
      ],
      [
        -70.3123069,
        43.681979
      ],
      [
        -70.3133798,
        43.6833601
      ],
      [
        -70.3138947,
        43.6839342
      ],
      [
        -70.314002,
        43.6855635
      ],
      [
        -70.3117919,
        43.6858428
      ],
      [
        -70.3067064,
        43.6863704
      ],
      [
        -70.3066635,
        43.6851601
      ],
      [
        -70.3061271,
        43.6839497
      ],
      [
        -70.3043461,
        43.6851601
      ],
      [
        -70.302844,
        43.6853308
      ],
      [
        -70.3010631,
        43.685098
      ],
      [
        -70.2975655,
        43.6840118
      ],
      [
        -70.2966213,
        43.6827394
      ],
      [
        -70.2962565,
        43.6818859
      ],
      [
        -70.2942181,
        43.6815445
      ],
      [
        -70.2946901,
        43.6776183
      ]
    ]
  ],
  "type": "LineString"
}